st76i1_2@kyle68:~/propagation-code-optimization$ /usr/bin/mpirun -np 1 -map-by ppr:1:node:PE=16 python optimizer/test_affinity.py
Affinity:  None  Threads:  16
Throughputs:  [908.7, 935.64, 972.67, 921.96, 933.19, 962.58, 973.9, 983.4, 948.45, 1037.39, 934.97, 966.14, 983.54, 1032.34, 961.51, 956.59, 943.29, 921.41, 958.18, 958.57]
Mean: 959.7209999999999
Std: 32.139551785922585
Std/Mean %:  3.3488432352655186


Affinity:  compact  Threads:  16
Throughputs:  [893.41, 896.54, 897.94, 898.57, 897.19, 898.04, 897.41, 898.03, 897.24, 896.74, 897.8, 898.3, 897.02, 897.85, 897.64, 897.29, 897.63, 897.0, 897.16, 897.77]
Mean: 897.3285
Std: 1.0325660995791086
Std/Mean %:  0.11507113610891759


Affinity:  scatter  Threads:  16
Throughputs:  [1205.37, 1205.72, 1203.96, 1204.76, 1205.65, 1205.1, 1206.2, 1203.27, 1205.7, 1204.51, 1199.54, 1201.3, 1206.15, 1203.03, 1200.29, 1204.55, 1204.38, 1204.6, 1204.5, 1204.05]
Mean: 1204.1315
Std: 1.8040600738334833
Std/Mean %:  0.14982251305887134


Affinity:  compact,1,0,granularity=fine  Threads:  16
Throughputs:  [1317.41, 1316.11, 1313.85, 1314.5, 1316.09, 1315.19, 1317.89, 1313.45, 1311.42, 1316.11, 1316.45, 1315.59, 1315.87, 1315.89, 1313.46, 1313.43, 1316.55, 1316.82, 1313.01, 1313.84]
Mean: 1315.1464999999998
Std: 1.6441936473542211
Std/Mean %:  0.12501980937897195


Affinity:  balanced  Threads:  16
Throughputs:  [1312.05, 1312.81, 1312.77, 1311.07, 1312.1, 1313.66, 1315.43, 1312.9, 1311.5, 1310.65, 1309.61, 1314.96, 1312.38, 1312.52, 1311.54, 1311.36, 1311.28, 1309.49, 1312.04, 1311.42]
Mean: 1312.077
Std: 1.4504657872559668
Std/Mean %:  0.11054730684677551


Affinity:  None  Threads:  32
Throughputs:  [1299.49, 1385.38, 1243.72, 1331.59, 1452.44, 1161.53, 1342.21, 1234.33, 1276.65, 1282.33, 1266.07, 1283.66, 1203.17, 1277.45, 1371.03, 1370.32, 1362.86, 1335.43, 1419.48, 1182.27]
Mean: 1304.0705
Std: 75.86929994899124
Std/Mean %:  5.817883308378745


Affinity:  compact  Threads:  32
Throughputs:  [1712.71, 1712.38, 1714.17, 1712.05, 1713.06, 1713.44, 1712.26, 1712.6, 1714.45, 1711.4, 1712.93, 1712.24, 1706.38, 1711.11, 1713.68, 1713.38, 1683.97, 1712.51, 1712.24, 1711.09]
Mean: 1710.9025000000001
Std: 6.387916620463982
Std/Mean %:  0.37336532154602503


Affinity:  scatter  Threads:  32
Throughputs:  [1400.3, 1399.17, 1397.57, 1396.57, 1400.45, 1398.05, 1400.43, 1399.69, 1396.39, 1400.61, 1400.89, 1399.45, 1402.09, 1401.94, 1401.08, 1398.74, 1398.84, 1401.58, 1401.3, 1398.21]
Mean: 1399.6674999999998
Std: 1.652939427202332
Std/Mean %:  0.11809514954103972


Affinity:  compact,1,0,granularity=fine  Threads:  32
Throughputs:  [1680.16, 1668.1, 1687.39, 1687.53, 1684.97, 1687.76, 1687.53, 1687.45, 1687.33, 1685.86, 1686.68, 1686.01, 1682.04, 1686.14, 1685.31, 1684.6, 1687.92, 1687.2, 1686.31, 1661.59]
Mean: 1683.8939999999998
Std: 6.708743101356642
Std/Mean %:  0.3984064971641115


Affinity:  balanced  Threads:  32
Throughputs:  [1714.42, 1711.9, 1713.07, 1695.68, 1713.76, 1713.22, 1712.39, 1712.12, 1709.23, 1714.48, 1713.77, 1710.76, 1711.59, 1710.31, 1710.69, 1696.21, 1715.21, 1712.83, 1713.34, 1711.64]
Mean: 1710.8310000000001
Std: 5.178085457000479
Std/Mean %:  0.3026649304928703